2.506628274631 3.13328534328875 3.75994241184811 4.38659943227894 5.01325367514626 5.63986391941038 6.26617374642614 6.89132168183727 7.51343185531672 8.12950345997421 8.73569586966967 9.32784597811637 9.90199051707131 10.4547486909175 10.9835254472694 11.4865615674074 11.9628801332261 12.4121767649195 12.8346889702401 13.2310669511026 13.6022578686466
2.79405201572755 3.49256501221516 4.19107649826291 4.88954524912464 5.58763002242831 6.28404497743001 6.97593758024819 7.65889459419675 8.32759954268626 8.976708306206 9.6015558180679 10.1985488790428 10.7652762454097 11.3004314960522 11.8036408413033 12.2752611606636 12.7161862892359 13.1276795669531 13.5112383014086 13.8684891543855 14.2011104716227
2.96592486939021 3.70740198578447 4.44877600729759 5.18935333005205 5.92693238985567 6.65733731982901 7.37492436787392 8.0736347745823 8.74796413417634 9.39354756484974 10.0073623125452 10.5876705869472 11.1338291072173 11.6460548055887 12.1251978029392 12.5725452680507 12.9896633213475 13.3782756372678 13.7401737510018 14.0771530770825 14.3909689343038
3.11903847014359 3.89862946322657 4.67700201136937 5.4511119405533 6.21574205741116 6.96446108815752 7.69089182410735 8.38963212614292 9.05667974687741 9.68947988818302 10.2867623551375 10.8482952030052 11.374629931462 11.8668745064461 12.3265070508239 12.7552308122581 13.1548656052615 13.5272692089049 13.8742822796403 14.1976911585752 14.4992039785807
3.27207117349907 4.08822804791876 4.89874344658665 5.69743257231131 6.47728810211127 7.2318428259328 7.95594787883719 8.64601214658764 9.29991378445433 9.91676398347784 10.4966334925818 11.0402973077263 11.5490193893679 12.0243816812641 12.468153717608 12.8821962610543 13.2683920628234 13.6285975446529 13.9646102505334 14.2781479710898 14.5708363713487
3.43642562725046 4.28607305634293 5.12093160105248 5.93357469711899 6.71769020399736 7.46858983648608 8.18322143202865 8.85995120504531 9.49827617835331 10.0985448644355 10.6617171016837 11.189170450756 11.6825502375335 12.1436566464421 12.5743616566441 12.9765492700617 13.352073543666 13.7027300266802 14.0302371666917 14.3362250454232 14.6222294397471
3.61964654634215 4.49505987446402 5.3435421022147 6.15939150227305 6.93876402734629 7.6794101337575 8.38034359892412 9.04153269598516 9.66364147739404 10.2478238348942 10.795564188511 11.3085565068619 11.7886137368158 12.2376008958783 12.6573863689929 13.0498071065113 13.4166443767659 13.7596074896833 14.080323504829 14.380331399785 14.6610795314746
3.8238372002797 4.71299703248344 5.56358538147794 6.37337133530571 7.14139672658972 7.86761784357668 8.55264538760561 9.19755359358543 9.80373836475546 10.372810750194 10.9065164159263 11.4066745966439 11.8751318865158 12.3137274817405 12.7242673455654 13.1085053677508 13.4681300226345 13.8047553487316 14.1199153138107 14.4150608156922 14.6915587157788
4.04551805496956 4.93499467925811 5.77747122779093 6.57417481330972 7.32649473622823 8.0359569064454 8.70419751367103 9.33293682973019 9.92395391468877 10.4790628593221 11.0000910439092 11.4888597404855 11.9471672428665 12.3767745832548 12.7793937903547 13.156678563227 13.5102171771208 13.8415274001827 14.1520531803416 14.4431628564489 14.7161486535605
4.27779369020518 5.15562874507776 5.98218711459364 6.76108575422439 7.49516462186149 8.1868308942158 8.83824029253844 9.45139707511324 10.0282096844263 10.570520793316 11.0801221082028 11.5587600483486 12.0081360943365 12.4299042285532 12.8256670330448 13.196971448177 13.5453048155501 13.8720915675837 14.1786907467174 14.4663944155243 14.7364269390853
4.51300674466198 5.37025257858372 6.17568553931448 6.93401180509177 7.64866685348828 8.32236790779424 8.95740603553872 9.55581111220612 10.1194482912623 10.6500749009242 11.1493733819403 11.6189693378453 12.0604402811871 12.47531866007 12.8650915269935 13.2311984225191 13.5750285145145 13.8979176654109 14.2011458413473 14.4859350955552 14.7534482325282
4.74452379823501 5.57549652810445 6.35685634171924 7.09333726092074 7.78832662432793 8.44444524115321 9.06385734756484 9.64844803115479 10.1999288038431 10.7199012578592 11.2098949831414 11.6713891801591 12.1058238213785 12.5146041685744 12.8991012015356 13.2606497003505 13.6005451686845 13.9200403941483 14.2203421608276 14.5026084264513 14.7679461319488
4.96745892585857 5.7692648108474 6.52533751677886 7.23975810895602 7.91545826245617 8.55470834439887 9.15938421883531 9.7311230172486 10.2714173893148 10.7816730638947 11.263243363721 11.7174487806714 12.1455867539257 12.5489350811478 12.9287513285922 13.2862698986681 13.6226979172152 13.9392107415357 14.236947622386 14.5170078539711 14.7804475994678
5.17868850619283 5.95050983114237 6.68129854743777 7.37414521544283 8.03131455946149 8.65459150689101 9.24547693395263 9.80530507246367 10.3353158902426 10.8366996343793 11.3106232749288 11.7582448397313 12.1807195916922 12.5792007951972 12.9548370443922 13.3087675887852 13.6421166955577 13.9559877850749 14.2514578410441 14.5295724149937 14.791341406475
5.37654200067431 6.11895439438652 6.82525246886592 7.4974448943565 8.13705803594229 8.74534021550609 9.32338272632315 9.87219493732294 10.392751453449 10.8860209929542 11.3529827339805 11.794633889775 12.2119911650436 12.6060880659837 12.9779695703459 13.328685311878 13.6592821502702 13.9707967633646 14.2642487043743 14.5406342089855 14.8009209123277
5.56041486055211 6.27484145017721 6.95791212017885 7.61061250806736 8.23374806782963 8.82803370822768 9.39415056749823 9.93278277354537 10.4446406482099 10.9304740705283 11.3910784529592 11.8272951623418 12.2400078703448 12.6301360826392 12.9986269001112 13.3464458818609 13.6745677025786 13.9839671292957 14.2756106900698 14.5504492747224 14.8094117980617
5.73042017342736 6.41873738586405 7.0800882897128 7.71457127686314 8.32233833794882 8.90360646117534 9.4586669088462 9.98789162172316 10.4917363110439 10.9707401218637 11.4255220480285 11.8567745168655 12.2652547225842 12.6517743675116 13.0171884774101 13.3623839066236 13.6882680593405 13.9957582431875 14.285771956197 14.5592182994996 14.8169906132608
5.88711681107214 6.55138931691485 7.19262158413944 7.81018887615056 8.40368046740273 8.97286785478242 9.51768437211824 10.0382106080567 10.5346623801009 11.0073793662937 11.4568133740615 11.8835158281519 12.2881244663749 12.6713494850989 13.0339595077437 13.376767788134 13.7006190343865 14.0063771730331 14.2949142880261 14.5671008806763 14.8237975149069
6.03131418791587 6.67362727499056 7.29633925504594 7.8982659388154 8.47853099682811 9.03651968952916 9.57184488422864 10.0843206215322 10.5739401942553 11.0408567313945 11.4853650188132 11.9078838522071 12.3089386392499 12.6891442597125 13.0491883692396 13.3898154143225 13.7118116364357 14.0159913061532 14.303184364478 14.5742255754063 14.8299452227394
6.16393999327416 6.7863003508132 7.39202954651696 7.97953218110124 8.54755989695834 9.09517150262793 9.62169840762211 10.1267143752666 10.6100086136865 11.0715612742936 11.5115205951756 11.930181170832 12.3279630848174 12.7053918580834 13.0630793171154 13.4017055674042 13.7220022784693 14.0247374626335 14.3107018785013 14.5806971270195 14.8355254447717
6.28595490438964 6.89023708560603 7.48042787512659 8.05464718881996 8.61135949440989 9.14935379870626 9.66771816460481 10.1658122255752 10.6432395963002 11.0998210302877 11.5355686000145 11.9506609402494 12.3454195597242 12.7202862779195 13.0758019093587 13.4125863597973 13.7313203050378 14.0327285971057 14.317565494531 14.5866017552198 14.8406135718975
6.39830035644956 6.98622249906505 7.56221073543942 8.12420388385577 8.67045316769403 9.1995293874205 9.71031306120589 10.2019747508683 10.6739503850498 11.1259145022901 11.5577530505616 11.9695366140547 12.3614945414261 12.7339902739869 13.0874981046058 13.4225815674005 13.7398736283135 14.0400588047259 14.3238572888957 14.5920110913836 14.8452721638031
6.50186864047738 7.07498616697324 7.63799447461611 8.18873338549359 8.72530346857291 9.24610305016088 9.74983786676087 10.2355128314887 10.7024131360085 11.1500796479874 11.5782817434112 11.9869894500736 12.3763459974137 12.7466414266864 13.0982876791784 13.4317954496666 13.747753007024 14.0468071134313 14.3296461069627 14.5969851484298 14.8495535753036
6.59748759046496 7.15719741399828 7.70833700280977 8.2487104554462 8.77631950980792 9.28942975824746 9.78660158884383 10.2666957850048 10.7288625920816 11.1725209794805 11.5973327358583 12.003174371108 12.3901086480951 12.758356843901 13.1082724117906 13.440316463651 13.755035336105 14.0530403935538 14.3349901342032 14.6015745914895 14.8535019612635
6.68591450426162 7.23346492981507 7.77374116025242 8.30455903169597 8.82386357160023 9.32982165013709 9.82087439191604 10.2957579761397 10.7535022490091 11.1934152228375 11.6150594817247 12.0182245872522 12.4028981018181 12.7692368435198 13.1175393521926 13.4482201582086 13.7617862048566 14.0588156162264 14.3399388884498 14.6058224946693 14.8571548255402
6.76783569811121 7.30433900823709 7.83465891330542 8.35665756300989 8.86825694261525 9.36755395354915 9.852893336477 10.3229042211524 10.7765093473262 11.2129158674288 11.6315949373807 12.0322552755955 12.4148141352047 12.7793678663051 13.1261634002245 13.4555714526442 13.7680619071493 14.0641816249811 14.3445347802623 14.6097657149991 14.860544230791
6.84386932995697 7.37031522974496 7.89149585715456 8.40534398864642 8.90978504531132 9.4028700148838 9.88286715926847 10.3483142327415 10.7980389422076 11.2311568511336 11.6470548715083 12.0453665347746 12.4259433186332 12.7888248010196 13.1342093597533 13.4624264477635 13.7739110362684 14.0691805390313 14.3488143470918 14.6134359776956 14.8636977529048
6.91456997061806 7.43183883092827 7.94461570621597 8.45092029114681 8.94870191095491 9.43598557544349 9.91098027082382 10.3721462962825 10.818227243265 11.2482555669951 11.6615405533742 12.0576457761681 12.4363611348728 12.7976728560492 13.141733588481 13.4688338778726 13.7793757614498 14.0738488748022 14.3528092383071 14.6168607412648 14.8666392409359
6.98043396672199 7.48930928813903 7.9943445867788 8.49365660112968 8.9852340746002 9.46709241304129 9.93739611175074 10.3945403264383 10.8371943720543 11.2643153326693 11.6751409517833 12.0691696734406 12.446133701736 12.8059690777303 13.1487853336843 13.4748362843267 13.7844928580188 14.0782184497201 14.3565470079733 14.620063892951 14.8693894273493
7.04190501109705 7.54308483030716 8.04097503261396 8.53379486307087 9.01958395908394 9.49636144908541 9.96225998153924 10.4156204213509 10.8550466519104 11.2794274313216 11.6879345456521 12.0800057629234 12.4553191826717 12.8137635909942 13.1554078216609 13.4804709711426 13.7892945450143 14.0823171161417 14.3600517578672 14.623066312192 14.8719664219443
7.09937957757507 7.5934867182204 8.08476963890477 8.57155208770937 9.05193281261268 9.52394540524497 9.98570143180824 10.4354970071831 10.8718785197168 11.2936728082081 11.6999908239911 12.0902137657852 12.4639689494463 12.8211006199529 13.1616391524019 13.48577078858 13.7938091710939 14.0861693616111 14.3633446627936 14.625886330464 14.87438611457
7.15321203135735 7.64080320608675 8.12596436359349 8.60712322494905 9.08244325853896 9.54998108018461 10.0078362985065 10.4542686468844 10.8877741301733 11.3071234887786 11.7113715357548 12.0998466869012 12.4721285463879 12.8280193327478 13.1675130390254 13.4907647798448 13.7980617799056 14.0897968030672 14.3664444026357 14.6285401091213 14.8766625057277
7.20371932294304 7.6852931505744 8.16477148530031 8.64068369416814 9.11126150946654 9.57459130536638 10.0287684337032 10.4720235723467 10.9028087085116 11.319843770134 11.7221317369181 12.1089517332654 12.4798384946766 12.8345545450461 13.1730594225744 13.4954787180736 13.8020745789817 14.0932185962739 14.3693675199392 14.6310419518262 14.8788079797101
7.25118523305229 7.72718926271729 8.20138223818737 8.67239160880135 9.13851929147418 9.59788662928337 10.0485911864935 10.4888409875989 10.9170496963034 11.3318912269415 11.7323206721531 12.1175710856327 12.4871349668503 12.8407373090735 13.1783049860638 13.4999355547607 13.8058673308649 14.0964517769969 14.372128717607 14.6334045644308 14.8808335316198
7.29586417125069 7.76670101576443 8.23596914971925 8.7023897302634 9.1643355183118 9.61996677144505 10.0673886736179 10.5047921816139 10.9305577262069 11.3433175646098 11.7419825208048 12.1257425500676 12.4940503553511 12.8465954093746 13.1832735865583 13.5041557962387 13.8094576811358 14.0995115468657 14.3747411081094 14.6356392723534 14.8827489571151
7.33798455083183 7.80401723169567 8.26868810933226 8.73080718358453 9.18881775004645 9.6409218807313 10.0852368732024 10.5199414821101 10.9433874545931 11.3541693460694 11.7511570309201 12.1335001106716 12.5006137540617 12.8521537821124 13.1879866201621 13.5081578213519 13.8128614349246 14.1024115141232 14.3772164231907 14.637756203359 14.8845630118419
7.37775177266087 7.83930837367492 8.29968019595686 8.75776096405074 9.21206346586082 9.66083362715544 10.1022045692028 10.534347076004 10.9555882755489 11.3644886134387 11.7598800604463 12.1408744005531 12.5068513679955 12.8574348713404 13.1924633317827 13.5119581507828 13.816092791121 14.1051638973683 14.3795651912009 14.6397644420075 14.8862835460625
7.41535085483974 7.8727285731077 8.32907329104085 8.78335726100003 9.23416117652734 9.67977615143668 10.1183541694152 10.5480617175809 10.9672049354332 11.3743134218649 11.7681840410732 12.1478931048188 12.5127868633589 12.862458933044 13.1967210791936 13.5155716764177 13.819164541655 14.1077796987722 14.3817968877452 14.6416721607721 14.8879176188745
7.45094874562374 7.90441741948016 8.3569835017739 8.80769262190171 9.25519139845317 9.6978168929218 10.1337424160609 10.5611333417627 10.9782780637094 11.3836782996534 11.7760983773135 12.154581306768 12.5184416678783 12.8672442956826 13.2007755590822 13.5190118575099 13.8220882417854 14.1102688519811 14.3839200642253 14.6434867318426 14.8894715955437
7.48469635553141 7.93450153960083 8.38351641697991 8.8308549770362 9.27522750806556 9.71501731318043 10.1484210048101 10.5736055968649 10.9888446330106 11.3926146462725 11.7836497911248 12.1609617864201 12.5238352294525 12.8718075843312 13.2046410013282 13.5222908891238 13.8248743562102 14.1126403489237 14.3859424579733 14.6452148228577 14.8909512307985
7.51673034201447 7.96309599076646 8.40876821584645 8.8529245425411 9.29433649262429 9.73143352991707 10.1624371255234 10.5855183088131 10.9989383591594 11.4011510777844 11.7908626205475 12.1670552788602 12.5289852397304 12.8761639142281 13.2083303366063 13.5254198473305 13.8275323849128 14.1149023489569 14.3878710869848 14.6468624792006 14.8923617403929
